@tasks 20
0 5 18(40) 15(13) 17(23) 4(7) 1(0)
1 6 14(4) 13(41)[tempteratura > 601K] 12(47) 8(33) 5(21) 2(47)[czas > 45s]
2 5 11(44) 7(2)[cisnienie > 612Pa] 6(5) 4(26) 3(29)[zmienna < 48]
3 3 16(49) 10(46) 5(22)
4 1 15(6)
5 1 10(10)
6 2 19(36)[zmienna < 88] 11(44)
7 1 9(15)[tempteratura < 608K]
8 0
9 1 11(20)
10 1 16(1)
11 1 14(0)
12 0
13 0
14 1 16(23)
15 0
16 0
17 1 18(35)
18 0
19 0

@proc 4
427 0 1
349 0 1
482 0 0
222 0 0

@times
225 304 -1 75 
333 381 40 36 
148 316 15 26 
162 171 80 -1 
121 239 -1 -1 
133 207 28 80 
146 -1 21 59 
343 337 26 67 
219 271 14 50 
201 363 39 64 
284 172 38 10 
113 313 29 15 
190 153 72 23 
382 261 47 59 
-1 341 22 48 
394 375 30 39 
392 141 -1 77 
210 359 -1 42 
161 302 69 51 
287 273 72 51 

@cost
65 75 342 179 
51 21 375 149 
54 25 349 151 
47 31 361 181 
28 20 395 385 
33 45 196 272 
14 15 112 311 
26 46 389 180 
36 80 256 243 
26 15 235 265 
34 67 270 365 
65 80 264 339 
12 29 291 257 
20 61 243 340 
50 20 233 285 
79 60 147 390 
31 66 149 178 
30 41 127 251 
65 41 345 159 
24 29 221 134 

@comm 1
chan0 43 6 1 1 1 1 
