@tasks 10
0 3 5(21) 3(45) 1(17)
1 3 6(33) 5(18) 2(43)
2 3 7(30) 6(7) 3(37)
3 2 7(40) 4(16)
4 0
5 0
6 1 8(37)
7 2 9(38) 8(38)
8 1 9(3)
9 0

@proc 4
535 0 1
270 0 1
505 0 0
408 0 0

@times
161 391 -1 73 
229 -1 -1 41 
184 208 16 -1 
297 277 72 27 
339 182 79 35 
329 370 26 12 
224 310 34 69 
123 385 75 62 
382 -1 -1 -1 
345 303 61 27 

@cost
37 48 154 238 
61 67 239 311 
73 78 291 128 
66 72 146 152 
65 60 142 275 
49 42 356 217 
27 77 327 266 
65 79 148 239 
42 60 200 325 
23 67 164 247 

@comm 1
chan0 68 9 1 1 1 1 
chan1 69 18 0 1 0 1
