@tasks 50
T0 2 1(0) 10(0) 
T1 3 2(0) 3(0) 11(0) 
T2 2 16(0) 35(0) 
T3 4 4(0) 5(0) 6(0) 7(0) 
T4 1 10(0) 
T5 3 8(0) 9(0) 16(0) 
T6 1 45(0) 
T7 4 18(0) 19(0) 20(0) 21(0) 
T8 4 40(0) 41(0) 42(0) 43(0) 
T9 4 25(0) 26(0) 27(0) 28(0) 
T10 4 12(0) 13(0) 14(0) 15(0) 
T11 0 
T12 1 17(0) 
T13 4 22(0) 23(0) 24(0) 29(0) 
T14 0 
T15 0 
T16 3 36(0) 37(0) 44(0) 
T17 0 
T18 0 
T19 0 
T20 0 
T21 1 38(0) 
T22 0 
T23 2 30(0) 31(0) 
T24 1 28(0) 
T25 0 
T26 1 47(0) 
T27 1 39(0) 
T28 0 
T29 1 47(0) 
T30 0 
T31 3 32(0) 33(0) 34(0) 
T32 0 
T33 0 
T34 0 
T35 1 46(0) 
T36 0 
T37 0 
T38 0 
T39 0 
T40 0 
T41 0 
T42 1 44(0) 
T43 0 
T44 2 48(0) 49(0) 
T45 1 46(0) 
T46 0 
T47 0 
T48 0 
T49 0 
@proc 4
203 0 1 
153 0 1 
1034 0 0 
1077 0 0 
@times 
574 588 86 3 
494 869 46 67 
146 885 89 61 
629 264 34 0 
831 52 34 31 
507 427 29 34 
345 798 26 74 
531 791 70 84 
315 394 78 73 
66 523 66 9 
418 123 37 18 
345 381 31 84 
495 208 43 0 
141 195 23 15 
663 634 87 59 
72 95 79 61 
345 461 52 88 
459 774 33 57 
372 253 37 46 
410 655 17 0 
86 822 45 5 
429 618 43 44 
692 554 50 0 
183 287 58 26 
790 775 43 32 
162 51 87 80 
129 131 9 48 
550 60 54 73 
647 265 35 19 
309 816 75 45 
292 752 38 6 
722 556 61 31 
263 246 35 17 
274 724 28 80 
76 410 43 64 
295 884 43 19 
852 615 22 33 
701 434 57 13 
304 270 75 15 
111 617 13 23 
525 293 89 59 
527 741 86 75 
797 751 0 25 
227 820 15 47 
495 246 28 21 
79 346 5 44 
203 656 12 43 
310 461 56 22 
654 224 72 65 
849 241 28 39 
@cost 
49 50 43 310 
17 15 375 311 
50 36 157 101 
42 65 71 169 
12 30 303 408 
33 29 387 292 
43 54 383 59 
21 49 212 174 
22 35 184 111 
36 8 172 188 
22 25 364 353 
6 58 397 281 
41 58 279 239 
11 3 228 251 
38 67 111 215 
71 36 238 51 
52 14 63 117 
44 28 301 85 
65 42 286 210 
73 42 107 326 
41 29 98 427 
76 34 285 40 
29 40 306 466 
89 17 241 68 
44 39 339 401 
60 29 77 109 
86 36 377 364 
4 41 254 93 
12 74 122 173 
41 0 253 330 
46 11 386 166 
38 3 306 302 
76 45 182 337 
1 5 215 156 
16 4 277 281 
69 54 159 302 
23 55 101 55 
59 49 205 102 
15 38 150 419 
8 11 157 124 
50 19 225 180 
59 55 168 295 
21 58 418 417 
7 35 49 351 
5 5 366 356 
2 52 314 126 
87 45 234 134 
26 76 342 343 
51 47 259 299 
42 47 104 328 
@comm 1
CHAN0 97 75 1 1 1 1 
