@tasks 10
0 5 8(34){2} 4(38){2} 3(36) 2(48) 1(46){2}
1 0
2 2 7(29) 5(22)
3 1 5(28)
4 3 8(36){2} 6(49) 5(45)
5 0
6 0
7 1 9(16)
8 0
9 0

@proc 4
431 0 1
374 0 1
523 0 0
145 0 0

@times
210 307 29 77 
{314, 278} {215, 392} {59, 66} {66, 26} 
101 374 74 41 
385 147 52 21 
{305, 163} {370, 163} {71, 39} -1 
351 145 57 60 
144 102 -1 16 
244 300 12 49 
-1 {259, 255} {13, 46} {21, 78} 
365 245 57 58 

@cost
74 80 334 370 
{61, 54} {39, 14} {368, 283} {355, 146} 
57 26 353 293 
44 59 275 353 
{45, 54} {69, 21} {350, 230} {189, 393} 
66 13 293 385 
70 60 277 156 
45 24 160 319 
{76, 10} {11, 10} {213, 398} {344, 145} 
55 28 368 237 

@comm 3
chan0 57 6 0 1 1 1 
chan1 60 11 1 1 1 1 
chan2 68 45 1 1 1 1 
